30
1
2
3
4
5
6
7
8
9
10
11
12
13
14
15
16
17
18
19
20
21
22
23
24
25
26
27
28
29
30
150
4, 1, 2 
146, 2, 1 
46, 1, 3 
104, 3, 1 
6, 1, 4 
144, 4, 1 
16, 1, 5 
134, 5, 1 
84, 1, 6 
66, 6, 1 
86, 1, 7 
64, 7, 1 
40, 1, 8 
110, 8, 1 
83, 1, 9 
67, 9, 1 
4, 1, 10 
146, 10, 1 
56, 1, 11 
94, 11, 1 
58, 1, 12 
92, 12, 1 
78, 1, 13 
72, 13, 1 
72, 1, 14 
78, 14, 1 
21, 1, 15 
129, 15, 1 
60, 1, 16 
90, 16, 1 
58, 1, 17 
92, 17, 1 
69, 1, 18 
81, 18, 1 
74, 1, 19 
76, 19, 1 
77, 1, 20 
73, 20, 1 
41, 1, 21 
109, 21, 1 
77, 1, 22 
73, 22, 1 
64, 1, 23 
86, 23, 1 
27, 1, 24 
123, 24, 1 
16, 1, 25 
134, 25, 1 
59, 1, 26 
91, 26, 1 
82, 1, 27 
68, 27, 1 
50, 1, 28 
100, 28, 1 
69, 1, 29 
81, 29, 1 
38, 1, 30 
112, 30, 1 
135, 2, 3 
15, 3, 2 
86, 2, 4 
64, 4, 2 
110, 2, 5 
40, 5, 2 
144, 2, 6 
6, 6, 2 
143, 2, 7 
7, 7, 2 
136, 2, 8 
14, 8, 2 
148, 2, 9 
2, 9, 2 
85, 2, 10 
65, 10, 2 
136, 2, 11 
14, 11, 2 
142, 2, 12 
8, 12, 2 
146, 2, 13 
4, 13, 2 
144, 2, 14 
6, 14, 2 
129, 2, 15 
21, 15, 2 
142, 2, 16 
8, 16, 2 
140, 2, 17 
10, 17, 2 
144, 2, 18 
6, 18, 2 
147, 2, 19 
3, 19, 2 
138, 2, 20 
12, 20, 2 
134, 2, 21 
16, 21, 2 
147, 2, 22 
3, 22, 2 
142, 2, 23 
8, 23, 2 
121, 2, 24 
29, 24, 2 
120, 2, 25 
30, 25, 2 
141, 2, 26 
9, 26, 2 
149, 2, 27 
1, 27, 2 
137, 2, 28 
13, 28, 2 
144, 2, 29 
6, 29, 2 
129, 2, 30 
21, 30, 2 
34, 3, 4 
116, 4, 3 
47, 3, 5 
103, 5, 3 
113, 3, 6 
37, 6, 3 
116, 3, 7 
34, 7, 3 
76, 3, 8 
74, 8, 3 
115, 3, 9 
35, 9, 3 
18, 3, 10 
132, 10, 3 
81, 3, 11 
69, 11, 3 
83, 3, 12 
67, 12, 3 
110, 3, 13 
40, 13, 3 
113, 3, 14 
37, 14, 3 
65, 3, 15 
85, 15, 3 
83, 3, 16 
67, 16, 3 
92, 3, 17 
58, 17, 3 
99, 3, 18 
51, 18, 3 
111, 3, 19 
39, 19, 3 
124, 3, 20 
26, 20, 3 
69, 3, 21 
81, 21, 3 
109, 3, 22 
41, 22, 3 
111, 3, 23 
39, 23, 3 
63, 3, 24 
87, 24, 3 
59, 3, 25 
91, 25, 3 
102, 3, 26 
48, 26, 3 
118, 3, 27 
32, 27, 3 
87, 3, 28 
63, 28, 3 
104, 3, 29 
46, 29, 3 
68, 3, 30 
82, 30, 3 
102, 4, 5 
48, 5, 4 
147, 4, 6 
3, 6, 4 
140, 4, 7 
10, 7, 4 
140, 4, 8 
10, 8, 4 
142, 4, 9 
8, 9, 4 
74, 4, 10 
76, 10, 4 
135, 4, 11 
15, 11, 4 
141, 4, 12 
9, 12, 4 
141, 4, 13 
9, 13, 4 
146, 4, 14 
4, 14, 4 
115, 4, 15 
35, 15, 4 
139, 4, 16 
11, 16, 4 
138, 4, 17 
12, 17, 4 
144, 4, 18 
6, 18, 4 
134, 4, 19 
16, 19, 4 
144, 4, 20 
6, 20, 4 
125, 4, 21 
25, 21, 4 
138, 4, 22 
12, 22, 4 
138, 4, 23 
12, 23, 4 
118, 4, 24 
32, 24, 4 
100, 4, 25 
50, 25, 4 
141, 4, 26 
9, 26, 4 
144, 4, 27 
6, 27, 4 
129, 4, 28 
21, 28, 4 
135, 4, 29 
15, 29, 4 
129, 4, 30 
21, 30, 4 
145, 5, 6 
5, 6, 5 
134, 5, 7 
16, 7, 5 
121, 5, 8 
29, 8, 5 
135, 5, 9 
15, 9, 5 
37, 5, 10 
113, 10, 5 
125, 5, 11 
25, 11, 5 
117, 5, 12 
33, 12, 5 
128, 5, 13 
22, 13, 5 
130, 5, 14 
20, 14, 5 
96, 5, 15 
54, 15, 5 
120, 5, 16 
30, 16, 5 
124, 5, 17 
26, 17, 5 
129, 5, 18 
21, 18, 5 
127, 5, 19 
23, 19, 5 
137, 5, 20 
13, 20, 5 
107, 5, 21 
43, 21, 5 
130, 5, 22 
20, 22, 5 
133, 5, 23 
17, 23, 5 
101, 5, 24 
49, 24, 5 
79, 5, 25 
71, 25, 5 
127, 5, 26 
23, 26, 5 
140, 5, 27 
10, 27, 5 
116, 5, 28 
34, 28, 5 
130, 5, 29 
20, 29, 5 
96, 5, 30 
54, 30, 5 
86, 6, 7 
64, 7, 6 
42, 6, 8 
108, 8, 6 
86, 6, 9 
64, 9, 6 
4, 6, 10 
146, 10, 6 
56, 6, 11 
94, 11, 6 
42, 6, 12 
108, 12, 6 
76, 6, 13 
74, 13, 6 
73, 6, 14 
77, 14, 6 
20, 6, 15 
130, 15, 6 
56, 6, 16 
94, 16, 6 
43, 6, 17 
107, 17, 6 
69, 6, 18 
81, 18, 6 
68, 6, 19 
82, 19, 6 
78, 6, 20 
72, 20, 6 
37, 6, 21 
113, 21, 6 
65, 6, 22 
85, 22, 6 
69, 6, 23 
81, 23, 6 
33, 6, 24 
117, 24, 6 
20, 6, 25 
130, 25, 6 
60, 6, 26 
90, 26, 6 
67, 6, 27 
83, 27, 6 
41, 6, 28 
109, 28, 6 
58, 6, 29 
92, 29, 6 
38, 6, 30 
112, 30, 6 
46, 7, 8 
104, 8, 7 
83, 7, 9 
67, 9, 7 
2, 7, 10 
148, 10, 7 
59, 7, 11 
91, 11, 7 
58, 7, 12 
92, 12, 7 
83, 7, 13 
67, 13, 7 
86, 7, 14 
64, 14, 7 
34, 7, 15 
116, 15, 7 
66, 7, 16 
84, 16, 7 
56, 7, 17 
94, 17, 7 
67, 7, 18 
83, 18, 7 
80, 7, 19 
70, 19, 7 
77, 7, 20 
73, 20, 7 
44, 7, 21 
106, 21, 7 
73, 7, 22 
77, 22, 7 
81, 7, 23 
69, 23, 7 
33, 7, 24 
117, 24, 7 
15, 7, 25 
135, 25, 7 
72, 7, 26 
78, 26, 7 
87, 7, 27 
63, 27, 7 
51, 7, 28 
99, 28, 7 
71, 7, 29 
79, 29, 7 
30, 7, 30 
120, 30, 7 
111, 8, 9 
39, 9, 8 
21, 8, 10 
129, 10, 8 
85, 8, 11 
65, 11, 8 
81, 8, 12 
69, 12, 8 
110, 8, 13 
40, 13, 8 
108, 8, 14 
42, 14, 8 
65, 8, 15 
85, 15, 8 
102, 8, 16 
48, 16, 8 
93, 8, 17 
57, 17, 8 
86, 8, 18 
64, 18, 8 
111, 8, 19 
39, 19, 8 
113, 8, 20 
37, 20, 8 
67, 8, 21 
83, 21, 8 
104, 8, 22 
46, 22, 8 
103, 8, 23 
47, 23, 8 
54, 8, 24 
96, 24, 8 
28, 8, 25 
122, 25, 8 
84, 8, 26 
66, 26, 8 
112, 8, 27 
38, 27, 8 
63, 8, 28 
87, 28, 8 
91, 8, 29 
59, 29, 8 
53, 8, 30 
97, 30, 8 
11, 9, 10 
139, 10, 9 
50, 9, 11 
100, 11, 9 
38, 9, 12 
112, 12, 9 
70, 9, 13 
80, 13, 9 
65, 9, 14 
85, 14, 9 
21, 9, 15 
129, 15, 9 
45, 9, 16 
105, 16, 9 
46, 9, 17 
104, 17, 9 
58, 9, 18 
92, 18, 9 
68, 9, 19 
82, 19, 9 
66, 9, 20 
84, 20, 9 
39, 9, 21 
111, 21, 9 
71, 9, 22 
79, 22, 9 
52, 9, 23 
98, 23, 9 
12, 9, 24 
138, 24, 9 
25, 9, 25 
125, 25, 9 
61, 9, 26 
89, 26, 9 
77, 9, 27 
73, 27, 9 
32, 9, 28 
118, 28, 9 
60, 9, 29 
90, 29, 9 
35, 9, 30 
115, 30, 9 
140, 10, 11 
10, 11, 10 
138, 10, 12 
12, 12, 10 
144, 10, 13 
6, 13, 10 
143, 10, 14 
7, 14, 10 
123, 10, 15 
27, 15, 10 
140, 10, 16 
10, 16, 10 
140, 10, 17 
10, 17, 10 
143, 10, 18 
7, 18, 10 
146, 10, 19 
4, 19, 10 
144, 10, 20 
6, 20, 10 
140, 10, 21 
10, 21, 10 
148, 10, 22 
2, 22, 10 
142, 10, 23 
8, 23, 10 
126, 10, 24 
24, 24, 10 
116, 10, 25 
34, 25, 10 
140, 10, 26 
10, 26, 10 
144, 10, 27 
6, 27, 10 
134, 10, 28 
16, 28, 10 
142, 10, 29 
8, 29, 10 
128, 10, 30 
22, 30, 10 
67, 11, 12 
83, 12, 11 
94, 11, 13 
56, 13, 11 
90, 11, 14 
60, 14, 11 
40, 11, 15 
110, 15, 11 
78, 11, 16 
72, 16, 11 
80, 11, 17 
70, 17, 11 
79, 11, 18 
71, 18, 11 
107, 11, 19 
43, 19, 11 
100, 11, 20 
50, 20, 11 
52, 11, 21 
98, 21, 11 
93, 11, 22 
57, 22, 11 
90, 11, 23 
60, 23, 11 
49, 11, 24 
101, 24, 11 
42, 11, 25 
108, 25, 11 
78, 11, 26 
72, 26, 11 
102, 11, 27 
48, 27, 11 
74, 11, 28 
76, 28, 11 
94, 11, 29 
56, 29, 11 
48, 11, 30 
102, 30, 11 
108, 12, 13 
42, 13, 12 
98, 12, 14 
52, 14, 12 
53, 12, 15 
97, 15, 12 
85, 12, 16 
65, 16, 12 
82, 12, 17 
68, 17, 12 
83, 12, 18 
67, 18, 12 
101, 12, 19 
49, 19, 12 
105, 12, 20 
45, 20, 12 
69, 12, 21 
81, 21, 12 
99, 12, 22 
51, 22, 12 
94, 12, 23 
56, 23, 12 
47, 12, 24 
103, 24, 12 
53, 12, 25 
97, 25, 12 
76, 12, 26 
74, 26, 12 
113, 12, 27 
37, 27, 12 
67, 12, 28 
83, 28, 12 
96, 12, 29 
54, 29, 12 
63, 12, 30 
87, 30, 12 
82, 13, 14 
68, 14, 13 
26, 13, 15 
124, 15, 13 
45, 13, 16 
105, 16, 13 
44, 13, 17 
106, 17, 13 
74, 13, 18 
76, 18, 13 
76, 13, 19 
74, 19, 13 
76, 13, 20 
74, 20, 13 
43, 13, 21 
107, 21, 13 
69, 13, 22 
81, 22, 13 
70, 13, 23 
80, 23, 13 
24, 13, 24 
126, 24, 13 
18, 13, 25 
132, 25, 13 
68, 13, 26 
82, 26, 13 
83, 13, 27 
67, 27, 13 
44, 13, 28 
106, 28, 13 
59, 13, 29 
91, 29, 13 
40, 13, 30 
110, 30, 13 
33, 14, 15 
117, 15, 14 
60, 14, 16 
90, 16, 14 
55, 14, 17 
95, 17, 14 
66, 14, 18 
84, 18, 14 
72, 14, 19 
78, 19, 14 
73, 14, 20 
77, 20, 14 
46, 14, 21 
104, 21, 14 
74, 14, 22 
76, 22, 14 
72, 14, 23 
78, 23, 14 
25, 14, 24 
125, 24, 14 
18, 14, 25 
132, 25, 14 
53, 14, 26 
97, 26, 14 
89, 14, 27 
61, 27, 14 
44, 14, 28 
106, 28, 14 
62, 14, 29 
88, 29, 14 
35, 14, 30 
115, 30, 14 
102, 15, 16 
48, 16, 15 
101, 15, 17 
49, 17, 15 
122, 15, 18 
28, 18, 15 
120, 15, 19 
30, 19, 15 
120, 15, 20 
30, 20, 15 
90, 15, 21 
60, 21, 15 
112, 15, 22 
38, 22, 15 
107, 15, 23 
43, 23, 15 
71, 15, 24 
79, 24, 15 
52, 15, 25 
98, 25, 15 
114, 15, 26 
36, 26, 15 
127, 15, 27 
23, 27, 15 
102, 15, 28 
48, 28, 15 
112, 15, 29 
38, 29, 15 
97, 15, 30 
53, 30, 15 
77, 16, 17 
73, 17, 16 
79, 16, 18 
71, 18, 16 
100, 16, 19 
50, 19, 16 
95, 16, 20 
55, 20, 16 
54, 16, 21 
96, 21, 16 
89, 16, 22 
61, 22, 16 
86, 16, 23 
64, 23, 16 
31, 16, 24 
119, 24, 16 
24, 16, 25 
126, 25, 16 
85, 16, 26 
65, 26, 16 
100, 16, 27 
50, 27, 16 
67, 16, 28 
83, 28, 16 
76, 16, 29 
74, 29, 16 
49, 16, 30 
101, 30, 16 
77, 17, 18 
73, 18, 17 
99, 17, 19 
51, 19, 17 
93, 17, 20 
57, 20, 17 
60, 17, 21 
90, 21, 17 
95, 17, 22 
55, 22, 17 
85, 17, 23 
65, 23, 17 
40, 17, 24 
110, 24, 17 
35, 17, 25 
115, 25, 17 
86, 17, 26 
64, 26, 17 
98, 17, 27 
52, 27, 17 
72, 17, 28 
78, 28, 17 
79, 17, 29 
71, 29, 17 
43, 17, 30 
107, 30, 17 
71, 18, 19 
79, 19, 18 
84, 18, 20 
66, 20, 18 
40, 18, 21 
110, 21, 18 
80, 18, 22 
70, 22, 18 
84, 18, 23 
66, 23, 18 
31, 18, 24 
119, 24, 18 
21, 18, 25 
129, 25, 18 
63, 18, 26 
87, 26, 18 
90, 18, 27 
60, 27, 18 
49, 18, 28 
101, 28, 18 
73, 18, 29 
77, 29, 18 
37, 18, 30 
113, 30, 18 
79, 19, 20 
71, 20, 19 
35, 19, 21 
115, 21, 19 
73, 19, 22 
77, 22, 19 
71, 19, 23 
79, 23, 19 
32, 19, 24 
118, 24, 19 
21, 19, 25 
129, 25, 19 
67, 19, 26 
83, 26, 19 
89, 19, 27 
61, 27, 19 
56, 19, 28 
94, 28, 19 
75, 19, 29 
75, 29, 19 
39, 19, 30 
111, 30, 19 
37, 20, 21 
113, 21, 20 
78, 20, 22 
72, 22, 20 
69, 20, 23 
81, 23, 20 
19, 20, 24 
131, 24, 20 
18, 20, 25 
132, 25, 20 
63, 20, 26 
87, 26, 20 
80, 20, 27 
70, 27, 20 
41, 20, 28 
109, 28, 20 
71, 20, 29 
79, 29, 20 
29, 20, 30 
121, 30, 20 
99, 21, 22 
51, 22, 21 
100, 21, 23 
50, 23, 21 
59, 21, 24 
91, 24, 21 
38, 21, 25 
112, 25, 21 
95, 21, 26 
55, 26, 21 
121, 21, 27 
29, 27, 21 
89, 21, 28 
61, 28, 21 
111, 21, 29 
39, 29, 21 
78, 21, 30 
72, 30, 21 
71, 22, 23 
79, 23, 22 
28, 22, 24 
122, 24, 22 
14, 22, 25 
136, 25, 22 
60, 22, 26 
90, 26, 22 
86, 22, 27 
64, 27, 22 
42, 22, 28 
108, 28, 22 
59, 22, 29 
91, 29, 22 
43, 22, 30 
107, 30, 22 
34, 23, 24 
116, 24, 23 
21, 23, 25 
129, 25, 23 
60, 23, 26 
90, 26, 23 
93, 23, 27 
57, 27, 23 
55, 23, 28 
95, 28, 23 
71, 23, 29 
79, 29, 23 
36, 23, 30 
114, 30, 23 
57, 24, 25 
93, 25, 24 
118, 24, 26 
32, 26, 24 
130, 24, 27 
20, 27, 24 
100, 24, 28 
50, 28, 24 
118, 24, 29 
32, 29, 24 
88, 24, 30 
62, 30, 24 
120, 25, 26 
30, 26, 25 
139, 25, 27 
11, 27, 25 
110, 25, 28 
40, 28, 25 
124, 25, 29 
26, 29, 25 
97, 25, 30 
53, 30, 25 
94, 26, 27 
56, 27, 26 
58, 26, 28 
92, 28, 26 
87, 26, 29 
63, 29, 26 
63, 26, 30 
87, 30, 26 
55, 27, 28 
95, 28, 27 
58, 27, 29 
92, 29, 27 
26, 27, 30 
124, 30, 27 
97, 28, 29 
53, 29, 28 
64, 28, 30 
86, 30, 28 
49, 29, 30 
101, 30, 29 