24
1
2
3
4
5
6
7
8
9
10
11
12
13
14
15
16
17
18
19
20
21
22
23
24
25
9, 1, 2 
16, 2, 1 
22, 1, 3 
3, 3, 1 
20, 1, 4 
5, 4, 1 
22, 1, 5 
3, 5, 1 
24, 1, 6 
1, 6, 1 
22, 1, 7 
3, 7, 1 
19, 1, 8 
6, 8, 1 
21, 1, 9 
4, 9, 1 
20, 1, 10 
5, 10, 1 
25, 1, 11 
0, 11, 1 
3, 1, 12 
22, 12, 1 
16, 1, 13 
9, 13, 1 
23, 1, 14 
2, 14, 1 
20, 1, 15 
5, 15, 1 
20, 1, 16 
5, 16, 1 
21, 1, 17 
4, 17, 1 
22, 1, 18 
3, 18, 1 
16, 1, 19 
9, 19, 1 
19, 1, 20 
6, 20, 1 
19, 1, 21 
6, 21, 1 
24, 1, 22 
1, 22, 1 
22, 1, 23 
3, 23, 1 
22, 1, 24 
3, 24, 1 
18, 2, 3 
7, 3, 2 
17, 2, 4 
8, 4, 2 
19, 2, 5 
6, 5, 2 
23, 2, 6 
2, 6, 2 
20, 2, 7 
5, 7, 2 
11, 2, 8 
14, 8, 2 
16, 2, 9 
9, 9, 2 
19, 2, 10 
6, 10, 2 
23, 2, 11 
2, 11, 2 
0, 2, 12 
25, 12, 2 
8, 2, 13 
17, 13, 2 
20, 2, 14 
5, 14, 2 
20, 2, 15 
5, 15, 2 
21, 2, 16 
4, 16, 2 
19, 2, 17 
6, 17, 2 
16, 2, 18 
9, 18, 2 
5, 2, 19 
20, 19, 2 
11, 2, 20 
14, 20, 2 
21, 2, 21 
4, 21, 2 
21, 2, 22 
4, 22, 2 
22, 2, 23 
3, 23, 2 
23, 2, 24 
2, 24, 2 
13, 3, 4 
12, 4, 3 
14, 3, 5 
11, 5, 3 
15, 3, 6 
10, 6, 3 
14, 3, 7 
11, 7, 3 
6, 3, 8 
19, 8, 3 
9, 3, 9 
16, 9, 3 
18, 3, 10 
7, 10, 3 
24, 3, 11 
1, 11, 3 
0, 3, 12 
25, 12, 3 
4, 3, 13 
21, 13, 3 
18, 3, 14 
7, 14, 3 
14, 3, 15 
11, 15, 3 
11, 3, 16 
14, 16, 3 
20, 3, 17 
5, 17, 3 
15, 3, 18 
10, 18, 3 
5, 3, 19 
20, 19, 3 
8, 3, 20 
17, 20, 3 
19, 3, 21 
6, 21, 3 
18, 3, 22 
7, 22, 3 
16, 3, 23 
9, 23, 3 
19, 3, 24 
6, 24, 3 
16, 4, 5 
9, 5, 4 
17, 4, 6 
8, 6, 4 
16, 4, 7 
9, 7, 4 
5, 4, 8 
20, 8, 4 
9, 4, 9 
16, 9, 4 
16, 4, 10 
9, 10, 4 
17, 4, 11 
8, 11, 4 
0, 4, 12 
25, 12, 4 
4, 4, 13 
21, 13, 4 
17, 4, 14 
8, 14, 4 
22, 4, 15 
3, 15, 4 
9, 4, 16 
16, 16, 4 
20, 4, 17 
5, 17, 4 
14, 4, 18 
11, 18, 4 
4, 4, 19 
21, 19, 4 
7, 4, 20 
18, 20, 4 
17, 4, 21 
8, 21, 4 
14, 4, 22 
11, 22, 4 
16, 4, 23 
9, 23, 4 
19, 4, 24 
6, 24, 4 
19, 5, 6 
6, 6, 5 
12, 5, 7 
13, 7, 5 
6, 5, 8 
19, 8, 5 
8, 5, 9 
17, 9, 5 
13, 5, 10 
12, 10, 5 
13, 5, 11 
12, 11, 5 
1, 5, 12 
24, 12, 5 
6, 5, 13 
19, 13, 5 
17, 5, 14 
8, 14, 5 
18, 5, 15 
7, 15, 5 
11, 5, 16 
14, 16, 5 
17, 5, 17 
8, 17, 5 
15, 5, 18 
10, 18, 5 
3, 5, 19 
22, 19, 5 
3, 5, 20 
22, 20, 5 
15, 5, 21 
10, 21, 5 
14, 5, 22 
11, 22, 5 
12, 5, 23 
13, 23, 5 
18, 5, 24 
7, 24, 5 
12, 6, 7 
13, 7, 6 
4, 6, 8 
21, 8, 6 
8, 6, 9 
17, 9, 6 
13, 6, 10 
12, 10, 6 
8, 6, 11 
17, 11, 6 
1, 6, 12 
24, 12, 6 
5, 6, 13 
20, 13, 6 
13, 6, 14 
12, 14, 6 
10, 6, 15 
15, 15, 6 
6, 6, 16 
19, 16, 6 
13, 6, 17 
12, 17, 6 
7, 6, 18 
18, 18, 6 
5, 6, 19 
20, 19, 6 
5, 6, 20 
20, 20, 6 
13, 6, 21 
12, 21, 6 
13, 6, 22 
12, 22, 6 
11, 6, 23 
14, 23, 6 
11, 6, 24 
14, 24, 6 
6, 7, 8 
19, 8, 7 
9, 7, 9 
16, 9, 7 
19, 7, 10 
6, 10, 7 
18, 7, 11 
7, 11, 7 
1, 7, 12 
24, 12, 7 
4, 7, 13 
21, 13, 7 
15, 7, 14 
10, 14, 7 
18, 7, 15 
7, 15, 7 
9, 7, 16 
16, 16, 7 
14, 7, 17 
11, 17, 7 
18, 7, 18 
7, 18, 7 
5, 7, 19 
20, 19, 7 
9, 7, 20 
16, 20, 7 
17, 7, 21 
8, 21, 7 
16, 7, 22 
9, 22, 7 
16, 7, 23 
9, 23, 7 
19, 7, 24 
6, 24, 7 
15, 8, 9 
10, 9, 8 
17, 8, 10 
8, 10, 8 
22, 8, 11 
3, 11, 8 
0, 8, 12 
25, 12, 8 
11, 8, 13 
14, 13, 8 
21, 8, 14 
4, 14, 8 
22, 8, 15 
3, 15, 8 
14, 8, 16 
11, 16, 8 
23, 8, 17 
2, 17, 8 
20, 8, 18 
5, 18, 8 
2, 8, 19 
23, 19, 8 
12, 8, 20 
13, 20, 8 
19, 8, 21 
6, 21, 8 
22, 8, 22 
3, 22, 8 
20, 8, 23 
5, 23, 8 
17, 8, 24 
8, 24, 8 
18, 9, 10 
7, 10, 9 
18, 9, 11 
7, 11, 9 
1, 9, 12 
24, 12, 9 
7, 9, 13 
18, 13, 9 
19, 9, 14 
6, 14, 9 
22, 9, 15 
3, 15, 9 
16, 9, 16 
9, 16, 9 
15, 9, 17 
10, 17, 9 
17, 9, 18 
8, 18, 9 
2, 9, 19 
23, 19, 9 
9, 9, 20 
16, 20, 9 
21, 9, 21 
4, 21, 9 
15, 9, 22 
10, 22, 9 
19, 9, 23 
6, 23, 9 
18, 9, 24 
7, 24, 9 
13, 10, 11 
12, 11, 10 
0, 10, 12 
25, 12, 10 
5, 10, 13 
20, 13, 10 
19, 10, 14 
6, 14, 10 
17, 10, 15 
8, 15, 10 
7, 10, 16 
18, 16, 10 
19, 10, 17 
6, 17, 10 
12, 10, 18 
13, 18, 10 
1, 10, 19 
24, 19, 10 
3, 10, 20 
22, 20, 10 
8, 10, 21 
17, 21, 10 
13, 10, 22 
12, 22, 10 
14, 10, 23 
11, 23, 10 
10, 10, 24 
15, 24, 10 
0, 11, 12 
25, 12, 11 
3, 11, 13 
22, 13, 11 
6, 11, 14 
19, 14, 11 
12, 11, 15 
13, 15, 11 
5, 11, 16 
20, 16, 11 
11, 11, 17 
14, 17, 11 
5, 11, 18 
20, 18, 11 
1, 11, 19 
24, 19, 11 
3, 11, 20 
22, 20, 11 
11, 11, 21 
14, 21, 11 
8, 11, 22 
17, 22, 11 
9, 11, 23 
16, 23, 11 
10, 11, 24 
15, 24, 11 
23, 12, 13 
2, 13, 12 
25, 12, 14 
0, 14, 12 
25, 12, 15 
0, 15, 12 
24, 12, 16 
1, 16, 12 
24, 12, 17 
1, 17, 12 
23, 12, 18 
2, 18, 12 
18, 12, 19 
7, 19, 12 
25, 12, 20 
0, 20, 12 
24, 12, 21 
1, 21, 12 
25, 12, 22 
0, 22, 12 
23, 12, 23 
2, 23, 12 
24, 12, 24 
1, 24, 12 
24, 13, 14 
1, 14, 13 
20, 13, 15 
5, 15, 13 
18, 13, 16 
7, 16, 13 
24, 13, 17 
1, 17, 13 
22, 13, 18 
3, 18, 13 
10, 13, 19 
15, 19, 13 
12, 13, 20 
13, 20, 13 
22, 13, 21 
3, 21, 13 
20, 13, 22 
5, 22, 13 
22, 13, 23 
3, 23, 13 
23, 13, 24 
2, 24, 13 
12, 14, 15 
13, 15, 14 
12, 14, 16 
13, 16, 14 
15, 14, 17 
10, 17, 14 
9, 14, 18 
16, 18, 14 
1, 14, 19 
24, 19, 14 
5, 14, 20 
20, 20, 14 
15, 14, 21 
10, 21, 14 
12, 14, 22 
13, 22, 14 
15, 14, 23 
10, 23, 14 
13, 14, 24 
12, 24, 14 
9, 15, 16 
16, 16, 15 
16, 15, 17 
9, 17, 15 
9, 15, 18 
16, 18, 15 
1, 15, 19 
24, 19, 15 
6, 15, 20 
19, 20, 15 
13, 15, 21 
12, 21, 15 
14, 15, 22 
11, 22, 15 
15, 15, 23 
10, 23, 15 
15, 15, 24 
10, 24, 15 
19, 16, 17 
6, 17, 16 
9, 16, 18 
16, 18, 16 
3, 16, 19 
22, 19, 16 
4, 16, 20 
21, 20, 16 
19, 16, 21 
6, 21, 16 
21, 16, 22 
4, 22, 16 
13, 16, 23 
12, 23, 16 
20, 16, 24 
5, 24, 16 
8, 17, 18 
17, 18, 17 
3, 17, 19 
22, 19, 17 
3, 17, 20 
22, 20, 17 
11, 17, 21 
14, 21, 17 
9, 17, 22 
16, 22, 17 
12, 17, 23 
13, 23, 17 
11, 17, 24 
14, 24, 17 
1, 18, 19 
24, 19, 18 
7, 18, 20 
18, 20, 18 
20, 18, 21 
5, 21, 18 
11, 18, 22 
14, 22, 18 
10, 18, 23 
15, 23, 18 
14, 18, 24 
11, 24, 18 
20, 19, 20 
5, 20, 19 
25, 19, 21 
0, 21, 19 
21, 19, 22 
4, 22, 19 
24, 19, 23 
1, 23, 19 
24, 19, 24 
1, 24, 19 
22, 20, 21 
3, 21, 20 
18, 20, 22 
7, 22, 20 
23, 20, 23 
2, 23, 20 
23, 20, 24 
2, 24, 20 
14, 21, 22 
11, 22, 21 
11, 21, 23 
14, 23, 21 
8, 21, 24 
17, 24, 21 
15, 22, 23 
10, 23, 22 
13, 22, 24 
12, 24, 22 
15, 23, 24 
10, 24, 23 